285 232 70 330 820 330
289 236 70 334 820 334
293 240 70 330 820 338
297 244 70 326 820 334
301 248 70 330 820 330
305 252 70 334 820 326
309 256 70 338 820 322
313 260 70 342 820 318
317 264 70 346 820 314
321 268 70 350 820 310
325 272 70 354 820 306
329 276 70 358 820 302
333 280 70 362 820 298
337 284 70 366 820 294
341 288 70 370 820 290
345 292 70 374 820 286
349 296 70 378 820 282
353 300 70 382 820 278
357 304 70 386 820 274
361 308 70 390 820 270
365 312 70 394 820 266
369 316 70 398 820 262
373 320 70 402 820 258
377 324 70 406 820 254
381 328 70 410 820 250
385 332 70 414 820 246
389 336 70 418 820 242
393 340 70 422 820 238
397 344 70 426 820 234
401 348 70 430 820 230
405 352 70 434 820 226
409 356 70 438 820 222
413 360 70 442 820 218
417 364 70 446 820 214
421 368 70 450 820 210
425 372 70 454 820 206
429 376 70 458 820 202
433 380 70 462 820 198
437 384 70 466 820 194
441 388 70 470 820 190
445 392 70 474 820 186
449 396 70 478 820 182
453 400 70 482 820 178
457 404 70 486 820 174
461 408 70 490 820 170
465 412 70 494 820 166
469 416 70 498 820 162
473 420 70 502 820 158
477 424 70 506 820 154
481 428 70 510 820 150
485 432 70 514 820 146
489 436 70 518 820 142
493 440 70 522 820 138
497 444 70 526 820 134
501 448 70 530 820 130
505 452 70 534 820 126
509 456 70 538 820 122
513 460 70 542 820 118
517 464 70 546 820 114
521 468 70 550 820 110
525 472 70 554 820 106
529 476 70 558 820 102
533 480 70 554 820 98
537 484 70 558 820 94
541 488 70 554 820 90
545 492 70 558 820 86
549 496 70 554 820 82
553 500 70 558 820 78
557 504 70 554 820 74
561 508 70 558 820 70
565 512 70 554 820 66
569 516 70 558 820 62
573 520 70 554 820 62
577 524 70 558 820 62
581 528 70 554 820 62
585 532 70 558 820 62
589 536 70 554 820 62
593 540 70 558 820 62
597 544 70 554 820 62
601 548 70 558 820 62
605 552 70 554 820 62
609 556 70 558 820 62
613 560 70 554 820 62
617 564 70 558 820 62
621 568 70 554 820 62
625 572 70 558 820 62
629 576 70 554 820 62
633 580 70 558 820 62
637 584 70 554 820 62
641 588 70 558 820 62
645 592 70 554 820 62
649 596 70 558 820 62
653 600 70 554 820 62
657 604 70 558 820 62
661 608 70 554 820 62
665 612 70 558 820 62
669 616 70 554 820 62
673 620 70 558 820 62
677 624 70 554 820 62
681 628 70 558 820 62
685 632 70 554 820 62
689 628 70 558 820 62
693 624 70 554 820 62
697 620 70 550 820 62
701 616 70 546 820 62
705 612 70 542 820 62
709 608 70 538 820 62
713 604 70 534 820 62
717 600 70 530 820 62
721 596 70 526 820 62
725 592 70 522 820 62
729 588 70 518 820 62
733 584 70 514 820 62
737 580 70 510 820 62
741 576 70 506 820 62
745 572 70 502 820 62
749 568 70 498 820 62
753 564 70 494 820 62
757 560 70 490 820 62
761 556 70 486 820 62
765 552 70 482 820 62
769 548 70 478 820 62
773 544 70 474 820 62
777 540 70 470 820 62
781 536 70 466 820 62
785 532 70 462 820 62
789 528 70 458 820 62
793 524 70 454 820 62
797 520 70 450 820 62
801 516 70 446 820 62
805 512 70 442 820 62
809 508 70 438 820 62
813 504 70 434 820 62
817 500 70 430 820 62
821 496 70 426 820 62
825 492 70 422 820 62
829 488 70 418 820 62
